907
910
844
818
820
799
809
806
766
796
901
1004
1118
1063
1141
1114
1090
1062
1029
927
946
851
827
823
844
843
876
868
864
834
848
854
899
901
944
941
901
902
849
837
837
824
829
854
850
842
865
822
814
816
873
895
954
928
948
983
954
942
976
963
932
940
881
834
834
832
778
803
816
831
824
935
935
946
1001
951
986
968
954
958
911
938
933
927
903
894
912
887
859
909
895
854
924
920
866
896
970
1006
949
1006
979
917
899
878
881
855
852
832
832
837
841
877
921
902
922
885
884
849
855
848
832
842
827
814
823
800
815
837
810
814
807
786
784
773
771
766
753
750
751
732
726
726
729
728
738
776
801
796
842
877
882
915
860
837
846
840
825
821
794
786
776
795
789
844
882
845
852
827
817
855
862
826
842
814
808
832
831
813
838
828
801
791
783
771
779
787
795
824
853
839
829
813
785
767
764
749
729
735
746
756
749
757
817
827
854
852
822
840
822
791
784
776
748
756
750
726
715
722
722
723
772
841
800
837
860
813
807
829
792
768
759
757
757
776
808
813
835
863
871
844
881
879
898
955
896
880
916
832
825
826
810
804
887
924
908
980
948
875
892
868
827
831
815
814
844
881
879
948
988
927
942
923
875
855
809
785
785
791
808
836
808
828
837
813
823
853
834
803
804
798
777
791
813
785
820
834
830
798
790
798
793
778
792
798
798
800
817
808
773
793
795
758
771
755
738
730
707
745
762
792
748
799
850
837
785
814
868
917
890
953
994
947
939
922
877
869
865
861
836
882
901
901
968
978
922
932
912
824
830
823
779
809
813
773
813
809
766
802
821
792
821
830
771
803
804
789
761
765
749
742
777
797
888
961
905
993
1001
916
928
901
851
876
827
805
819
831
882
883
832
876
876
819
811
822
813
813
861
732
964
764
779
797
794
771
778
802
774
742
758
798
813
808
857
862
889
851
859
868
808
848
883
880
934
962
927
990
932
879
875
815
795
829
833
813
857
832
812
837
853
816
862
839
799
806
782
755
782
773
742
771
762
743
786
806
780
821
829
835
805
816
824
792
825
880
911
921
947
947
907
924
917
834
843
847
781
778
794
782
771
797
764
753
775
757
761
802
833
802
767
794
870
872
849
828
814
809
838
843
812
828
799
768
777
763
723
740
754
718
735
745
752
747
794
832
797
819
847
825
800
799
814
770
787
819
821
819
837
830
831
826
779
780
780
750
736
743
753
725
741
731
722
718
741
746
735
768
817
788
799
792
759
770
771
764
736
767
768
728
732
740
729
737
744
755
784
808
778
788
775
764
771
815
821
860
878
843
836
796
806
817
789
800
830
777
814
801
786
809
809
792
816
800
779
794
810
769
816
839
826
887
917
866
902
891
846
882
883
866
894
904
816
789
845
836
807
841
832
788
793
769
743
765
753
743
792
818
791
892
880
853
926
870
819
854
798
816
787
823
840
816
887
903
839
900
916
874
922
997
992
977
1046
1010
948
1006
981
907
966
988
859
871
927
938
855
889
836
801
808
819
780
772
765
762
753
755
759
749
774
787
761
741
721
699
724
715
727
727
726
724
754
780
748
761
783
790
778
774
786
777
754
744
782
795
784
834
822
840
848
834
839
840
818
845
833
774
831
849
844
854
812
849
894
851
858
892
896
848
854
869
846
828
858
861
836
851
831
772
756
754
745
715
724
704
694
714
728
721
804
854
831
842
896
835
822
834
798
777
770
764
777
747
730
760
742
764
788
746
758
805
876
844
806
817
797
777
791
752
757
755
746
742
754
769
789
805
786
801
789
763
775
782
770
764
767
751
728
719
738
743
729
770
786
764
779
794
791
822
792
787
801
762
751
764
762
764
785
803
813
783
792
786
783
774
754
750
738
747
737
723
710
728
746
771
759
783
822
862
833
870
940
924
872
897
815
835
833
807
853
854
826
877
814
915
843
815
847
815
831
824
786
818
807
792
811
804
790
803
814
779
796
761
776
769
771
792
769
807
778
812
812
814
854
881
871
910
905
854
853
829
832
851
817
782
802
818
812
801
827
837
793
850
876
828
856
880
874
857
883
896
861
854
895
920
851
874
884
831
868
892
885
860
904
905
849
874
885
861
869
877
882
843
863
892
907
856
904
938
901
918
913
929
865
892
905
903
866
877
865
834
855
859
856
793
803
814
820
776
825
857
864
815
897
904
893
977
998
950
995
981
911
934
938
895
904
909
853
839
864
892
842
912
917
860
898
891
808
753
729
738
735
752
759
728
759
773
760
782
797
805
802
858
875
896
882
937
977
921
863
896
948
951
888
866
911
941
916
864
901
903
897
880
909
930
919
884
886
913
904
875
811
810
850
818
869
855
909
903
894
867
894
893
888
868
880
896
870
831
852
875
859
915
968
893
927
917
880
890
885
825
861
885
896
897
917
877
839
857
869
833
854
862
895
865
881
870
826
842
860
848
858
876
849
830
851
837
796
836
854
866
826
852
864
835
860
888
881
873
885
822
813
820
788
785
765
784
758
752
754
739
748
738
730
730
726
737
777
798
806
793
804
795
794
812
809
791
790
765
749
768
790
771
785
826
832
816
854
826
816
831
844
801
834
809
801
813
812
796
830
827
783
805
792
773
804
813
779
797
799
778
801
819
815
830
802
782
754
742
746
730
718
708
706
700
701
706
700
708
713
709
720
718
703
712
714
696
681
680
675
667
664
655
649
651
652
651
656
654
654
657
653
646
648
648
648
640
642
636
638
641
646
649
660
668
680
682
688
707
717
727
723
724
744
761
744
755
743
728
709
710
701
678
663
652
646
638
638
651
674
695
688
724
735
738
782
809
775
798
796
771
785
784
763
781
790
763
752
765
761
736
759
763
748
765
778
759
777
800
789
765
748
771
815
853
834
860
856
822
776
796
854
916
832
815
849
862
835
808
809
831
830
787
770
781
771
779
799
810
779
796
813
806
782
770
784
807
799
813
813
852
893
891
843
814
818
816
802
784
817
844
827
844
865
836
859
866
848
834
862
879
850
866
852
846
831
838
815
798
812
831
808
813
845
845
832
859
864
821
820
822
795
818
804
799
824
808
805
802
775
782
794
820
812
813
835
790
820
820
788
803
815
788
807
806
776
794
811
794
770
782
806
772
776
776
770
770
795
782
774
786
799
780
791
810
789
836
864
860
828
854
894
851
835
880
857
835
845
841
795
806
819
797
795
847
865
827
853
862
826
854
861
811
819
815
782
777
807
825
810
837
854
806
824
831
801
828
800
822
776
763
780
775
825
848
828
873
894
841
847
829
804
814
844
871
823
862
876
856
893
901
857
881
854
826
875
916
866
854
886
852
848
877
864
866
915
881
874
879
829
816
813
824
830
810
852
884
846
870
886
821
841
820
801
839
860
829
837
840
813
843
820
816
819
809
775
787
768
775
789
775
772
803
790
765
783
767
768
797
794
788
818
818
797
836
822
799
806
802
770
796
813
763
771
811
886
896
860
887
872
852
876
902
918
882
837
798
794
830
880
910
853
822
825
863
892
911
878
914
920
872
825
836
888
938
898
825
817
850
905
913
848
871
890
928
894
826
783
777
792
832
918
959
953
963
979
955
935
883
872
895
898
871
856
835
861
920
960
938
845
838
813
781
768
782
810
849
861
960
1012
964
941
903
937
973
987
961
919
885
906
903
890
889
872
895
897
900
902
867
865
908
935
892
894
914
908
922
888
921
933
904
922
929
889
879
855
878
929
929
908
912
899
900
889
890
840
829
859
818
829
834
834
855
921
969
943
950
899
915
910
888
916
914
906
931
911
898
897
879
892
909
893
919
891
871
887
877
851
861
888
864
873
911
914
863
828
824
848
887
904
904
938
933
903
931
953
960
980
996
947
962
976
926
948
960
902
929
966
960
1003
1027
993
1011
936
927
951
920
918
1029
1065
1016
1071
1020
976
991
966
935
934
918
888
921
935
914
963
933
940
978
943
968
971
918
925
903
872
869
854
837
892
890
860
880
842
875
884
882
927
892
910
927
898
933
901
875
896
923
894
877
883
913
898
869
842
856
808
797
778
787
778
760
751
749
747
767
843
934
1014
1025
1025
979
959
942
881
834
840
897
917
925
923
954
944
1017
1020
1004
1034
1032
1009
1018
1008
978
926
913
961
973
930
961
975
953
954
961
939
972
959
922
933
934
881
901
903
891
958
1001
979
1028
996
974
978
932
947
927
918
944
945
969
999
961
979
962
956
950
935
949
941
945
960
930
970
946
950
961
918
942
961
952
1008
1005
995
1025
997
970
981
961
937
951
930
943
982
938
997
980
972
986
952
920
943
943
949
996
982
915
868
896
953
920
927
984
994
980
1005
962
967
1011
968
993
978
952
963
935
964
944
914
970
937
941
977
898
892
850
864
902
958
1065
1024
1005
942
868
892
954
955
1031
1027
1011
1050
1017
1027
1056
997
992
952
950
865
851
800
795
771
766
765
745
729
722
715
699
691
680
677
672
662
646
648
646
638
635
638
657
698
749
775
808
818
805
831
886
854
907
849
823
820
777
775
789
767
781
790
817
777
798
801
780
787
779
770
789
806
791
796
838
856
834
876
899
860
909
881
835
893
904
854
866
859
806
794
782
758
753
746
724
725
715
699
704
692
675
678
669
666
654
660
658
657
652
674
687
685
746
818
769
768
847
878
822
811
835
827
815
815
837
851
799
805
813
767
763
771
760
744
759
770
748
746
759
764
742
768
775
754
756
788
788
771
811
829
812
853
851
829
911
922
835
837
839
793
815
809
786
810
814
823
801
816
819
815
878
840
836
803
808
810
788
798
791
787
788
770
774
759
773
779
763
797
804
787
842
854
843
855
875
858
890
898
875
887
858
905
923
861
878
872
901
900
913
912
842
810
843
850
877
879
872
857
871
879
860
850
836
819
809
801
787
797
790
779
830
821
789
830
796
759
738
746
760
804
820
803
808
857
846
829
851
823
826
835
853
854
846
839
817
821
823
808
788
793
785
762
774
768
760
810
812
806
806
784
797
805
782
783
757
760
762
739
756
749
747
767
772
758
777
792
784
791
762
768
768
753
771
791
771
788
818
830
785
763
776
785
777
788
834
830
832
853
795
803
783
773
757
743
750
746
756
764
760
786
817
826
881
842
819
825
798
806
774
773
766
766
774
787
763
789
821
825
799
836
830
786
782
753
736
726
708
702
685
683
663
663
650
654
649
644
654
650
636
631
630
628
628
624
607
609
606
596
605
590
585
584
573
582
562
562
557
563
546
550
539
541
531
531
526
521
525
518
514
517
511
509
512
503
507
505
497
508
499
498
508
498
498
502
497
499
498
498
506
499
497
496
498
497
491
496
496
490
499
495
490
498
494
491
497
487
490
493
483
489
492
481
486
484
478
483
485
474
478
479
473
470
474
450
358
588
474
469
468
462
465
470
462
462
470
465
456
467
469
456
461
466
460
382
524
467
458
460
460
463
462
457
461
467
459
458
468
462
458
465
468
456
462
466
461
458
462
461
459
461
459
462
460
455
458
464
459
455
462
464
454
456
461
457
456
459
457
456
458
455
454
460
460
454
458
460
456
455
459
455
457
457
454
452
458
459
452
455
455
455
455
456
453
451
456
456
454
454
457
453
455
457
454
453
458
460
451
456
458
452
453
455
450
453
454
450
449
454
454
451
449
448
452
449
446
453
456
447
451
451
449
450
452
448
449
454
450
445
454
456
447
447
450
449
450
449
448
450
454
449
446
455
457
448
449
452
454
450
453
453
454
452
451
451
460
453
449
457
458
450
453
456
457
451
455
455
457
457
456
458
462
462
460
465
460
457
460
462
457
457
461
460
460
464
460
461
464
462
459
467
464
455
462
466
455
457
460
460
457
459
457
460
459
458
457
466
461
458
467
463
458
463
466
457
461
463
462
460
462
467
466
465
462
463
465
463
462
473
467
463
470
472
461
464
467
465
459
461
463
463
460
461
463
465
459
459
465
462
458
465
467
458
461
463
464
458
461
460
462
460
458
459
466
457
455
464
462
454
457
462
456
453
458
459
453
456
456
458
457
454
457
461
453
453
462
459
452
455
459
455
449
454
454
455
454
451
453
460
451
448
456
458
451
450
453
456
451
453
454
456
456
454
454
464
456
453
462
463
453
455
460
460
453
457
456
459
456
455
456
463
455
454
463
464
456
460
467
461
458
464
468
464
468
472
473
466
471
469
466
470
465
468
469
469
470
470
467
466
471
465
462
470
464
458
463
465
455
460
464
459
458
462
458
459
461
458
460
463
458
456
463
461
453
456
463
458
455
458
457
457
455
454
458
460
455
454
462
459
451
455
463
455
454
459
459
456
457
456
461
459
457
459
465
458
457
463
462
456
461
466
456
460
467
460
460
466
466
461
465
465
464
465
465
468
465
465
470
469
465
469
471
468
472
473
428
520
485
474
479
479
471
477
486
473
476
489
478
484
482
471
479
481
467
473
475
468
465
470
467
459
465
464
458
461
460
462
462
462
464
467
457
455
464
461
452
460
464
452
455
459
457
451
454
454
454
453
452
454
455
450
450
460
455
449
459
460
451
455
459
459
453
457
459
457
460
460
461
461
460
462
462
461
462
467
461
460
471
463
459
469
466
460
469
470
461
467
471
462
464
469
465
462
468
469
463
465
471
461
464
464
461
463
464
466
467
464
467
467
464
465
471
463
463
473
464
460
472
467
460
470
470
462
467
471
462
466
471
465
464
468
469
465
469
471
467
474
480
472
477
482
471
478
481
472
479
486
478
487
485
481
484
485
483
485
484
483
482
482
488
487
479
481
482
472
475
478
469
468
473
466
465
470
469
463
471
470
468
474
479
477
475
473
465
470
471
464
470
469
466
469
467
467
467
465
467
467
464
466
466
464
465
467
464
464
470
465
463
474
465
464
473
467
464
473
468
465
474
469
465
474
469
464
472
468
463
470
471
461
464
468
462
457
460
463
458
460
459
459
458
454
456
459
453
451
460
457
450
455
460
455
449
453
456
453
455
453
458
455
453
451
461
453
450
458
460
451
452
456
458
451
454
455
457
458
452
454
462
454
452
461
461
454
454
456
459
453
454
454
457
457
453
452
461
456
450
455
458
455
450
453
456
453
456
452
458
455
453
452
462
453
451
458
459
450
452
455
456
448
452
454
451
451
449
453
452
447
447
456
450
444
453
455
446
446
449
455
451
450
449
451
452
448
448
459
453
449
458
458
450
458
461
453
453
455
459
451
455
455
457
455
452
453
459
452
452
459
456
455
453
458
460
453
453
463
460
454
460
462
459
455
459
462
460
461
460
465
462
460
459
470
463
460
468
469
460
462
464
467
458
462
462
465
463
464
461
462
464
460
464
464
455
461
467
458
457
464
463
460
461
460
465
462
459
459
467
461
454
459
464
455
454
458
457
456
453
453
458
454
450
454
455
455
445
450
457
450
449
454
454
453
455
452
458
453
451
455
458
451
450
457
454
446
451
457
449
448
452
452
448
451
448
453
448
448
450
457
455
451
455
458
453
452
449
455
452
449
451
456
450
447
456
457
451
446
452
452
455
454
450
452
461
458
453
461
464
466
460
455
465
467
458
453
458
465
458
451
459
459
448
450
449
449
448
446
443
443
449
443
436
441
444
441
436
438
438
439
439
435
434
440
440
436
432
435
436
438
438
431
433
438
438
437
433
431
439
438
436
434
432
438
439
434
432
435
437
438
438
433
433
435
442
435
435
432
435
441
435
433
433
434
440
434
432
432
433
438
431
432
429
433
437
431
432
429
433
438
431
431
431
435
436
431
433
434
438
434
431
437
442
436
434
435
440
442
434
437
436
440
442
438
439
439
444
445
439
441
447
446
441
441
443
449
441
444
445
449
446
444
446
454
447
447
448
452
449
448
450
458
451
453
453
457
456
455
456
460
463
468
473
477
486
486
493
500
494
492
493
492
490
483
489
966
484
479
473
474
483
472
472
478
469
468
473
469
466
463
464
472
459
460
468
463
462
462
462
469
461
461
465
463
464
459
460
469
464
462
461
461
470
460
463
460
462
465
470
466
468
467
469
476
484
487
493
499
492
493
496
500
498
500
500
500
501
504
506
503
506
511
506
508
514
510
511
516
516
511
510
508
510
511
515
522
521
524
533
528
532
532
523
529
530
534
521
522
542
530
521
527
527
516
512
526
523
508
512
541
523
524
586
603
575
572
577
570
577
560
565
547
553
549
535
571
560
546
547
576
580
582
591
599
596
586
568
565
566
565
582
596
605
615
610
593
602
595
588
581
577
574
570
567
563
562
554
552
557
563
565
565
557
579
583
583
591
596
595
599
596
597
597
597
591
591
599
590
586
591
589
594
614
630
659
667
675
662
660
670
659
655
661
664
648
636
635
630
630
618
606
604
604
602
600
591
587
593
601
612
623
625
623
624
618
606
589
593
595
597
609
625
645
655
652
646
643
633
626
616
610
597
589
590
590
600
606
598
600
604
607
614
601
601
598
593
591
587
581
575
573
573
569
569
579
610
689
780
830
843
845
827
801
774
738
680
638
621
605
599
595
601
614
625
633
636
641
646
649
658
677
677
669
665
646
651
649
655
651
646
639
630
614
604
599
596
595
620
687
730
746
801
764
729
739
745
710
686
680
680
673
684
688
685
705
694
704
721
743
738
732
688
689
669
654
658
655
661
661
645
646
639
642
649
657
656
666
710
748
740
765
761
750
741
723
710
679
673
665
654
658
684
723
748
739
736
734
715
704
665
663
651
629
628
625
641
696
734
785
782
813
812
792
767
738
716
700
683
657
647
646
647
652
670
695
718
710
737
712
692
686
678
670
664
646
637
635
630
629
620
618
625
610
615
610
600
610
605
610
626
637
632
624
633
640
631
638
645
650
654
646
630
628
632
619
628
618
605
612
610
625
629
631
648
646
637
651
652
653
664
672
670
678
683
675
670
671
650
653
648
650
661
643
659
657
659
655
636
631
627
612
604
593
583
577
566
566
553
548
535
543
528
526
521
519
513
515
508
500
505
497
494
493
490
488
484
481
482
483
477
471
476
475
468
471
472
466
465
464
469
469
465
463
468
465
464
458
457
463
461
456
458
463
458
454
459
457
451
451
456
459
457
454
450
452
455
452
454
447
444
449
450
445
441
446
445
439
442
442
444
437
437
441
439
437
438
439
436
433
439
439
433
437
438
437
434
437
438
433
432
435
436
429
432
431
434
425
433
431
426
427
429
426
423
426
427
422
424
425
425
419
424
425
421
419
421
424
419
419
420
423
419
420
421
420
417
419
422
418
417
421
420
415
419
420
418
415
417
421
414
416
417
420
413
417
419
414
414
415
418
411
416
417
412
415
418
411
415
415
414
411
415
413
413
413
413
415
415
414
415
415
414
415
414
415
416
412
415
416
413
417
418
412
417
417
413
415
417
415
412
415
419
415
413
417
418
414
418
419
416
417
420
416
417
419
422
417
423
422
420
423
425
420
422
425
420
423
425
418
423
421
419
420
423
418
418
422
418
417
420
420
415
419
417
415
417
418
413
417
415
414
417
413
415
415
416
415
417
414
415
417
416
413
417
418
414
417
419
413
415
416
418
413
419
418
414
414
414
418
412
415
418
411
417
416
412
416
415
413
416
416
412
415
417
413
417
416
415
416
418
416
416
421
415
418
421
415
420
417
417
420
418
417
419
419
419
425
419
423
422
419
422
425
419
422
423
422
425
421
424
423
421
423
425
420
423
423
422
425
421
425
423
421
424
424
421
424
422
425
423
423
425
426
422
427
424
428
428
423
428
426
429
427
426
429
429
427
429
426
429
428
428
428
424
428
426
427
429
423
427
425
421
426
422
426
424
420
425
423
421
422
421
423
423
418
422
419
423
420
417
420
421
417
421
418
421
421
417
421
418
421
421
418
421
417
420
423
418
421
419
420
422
417
420
417
420
420
417
419
420
416
418
417
420
419
416
418
420
416
420
423
420
419
420
421
419
423
418
421
421
417
420
422
419
420
424
420
424
421
420
422
423
420
422
420
423
423
418
420
420
421
422
416
421
418
420
418
418
420
421
415
419
417
420
419
417
419
418
418
418
417
420
421
415
419
417
420
417
417
419
420
415
417
416
415
416
415
416
413
414
414
417
419
416
417
419
419
417
418
422
416
418
421
418
416
417
419
417
417
421
424
417
419
422
420
417
421
423
421
419
420
420
421
420
418
423
420
419
416
417
423
416
416
418
420
422
415
416
417
413
417
421
414
412
414
412
414
415
418
415
411
415
414
414
415
418
416
412
414
421
415
418
416
415
415
422
418
416
418
415
415
416
420
418
416
417
414
412
413
416
416
417
414
410
411
413
412
417
416
410
413
413
411
413
414
416
415
412
411
411
412
416
412
417
412
410
411
410
415
414
411
413
409
411
410
410
414
412
409
410
408
407
410
410
413
411
407
406
409
409
411
412
414
413
408
409
410
416
415
411
415
412
411
414
418
419
416
414
414
415
421
420
414
415
418
420
425
419
421
421
422
427
423
425
425
425
431
426
429
431
431
441
433
432
435
434
436
435
433
438
433
435
440
437
440
436
434
437
437
437
433
436
440
432
436
433
439
435
433
437
436
436
438
436
439
436
437
438
437
437
437
435
441
441
439
441
447
444
442
443
447
442
443
448
446
442
447
444
446
443
444
447
440
441
446
444
444
445
449
443
447
445
449
447
444
454
445
449
449
455
452
450
457
452
453
453
459
456
456
465
461
463
471
465
471
478
479
475
489
484
489
485
483
481
488
482
483
484
479
482
479
477
480
472
474
474
475
465
473
464
458
461
458
453
453
459
455
452
459
453
453
455
459
456
457
460
455
457
456
461
459
457
463
454
459
460
457
457
463
459
457
462
464
463
463
464
468
465
469
464
462
468
462
462
466
460
458
461
458
460
463
457
459
467
456
460
465
459
459
464
459
459
465
459
460
466
462
461
465
464
467
470
467
470
472
471
474
479
475
477
479
476
475
484
474
478
483
476
479
486
477
482
482
476
484
478
475
480
473
476
474
470
472
470
467
470
467
464
468
466
461
462
467
462
462
463
467
469
468
471
471
473
474
479
479
484
477
489
482
474
481
481
475
476
481
475
472
479
474
467
474
472
465
472
476
475
476
479
483
487
489
488
492
498
485
506
491
510
504
498
511
505
494
492
490
491
505
486
498
496
504
503
506
505
508
519
514
527
522
555
522
550
543
560
554
553
569
558
559
558
563
568
578
553
571
553
565
557
555
557
549
547
545
540
542
539
534
544
533
539
529
538
526
536
529
527
523
527
524
523
525
524
522
521
517
519
516
519
518
519
512
514
514
511
511
515
508
508
513
503
512
508
503
510
506
508
506
507
505
512
504
508
512
510
509
506
515
504
511
507
512
510
507
511
509
510
501
506
501
504
507
501
508
503
507
508
502
509
496
506
499
505
498
499
498
497
497
498
418
568
496
500
495
494
499
491
500
496
500
496
497
499
496
498
503
496
503
498
501
501
497
501
496
505
497
504
500
501
502
500
501
502
501
504
500
504
502
503
503
501
496
502
502
500
503
496
503
494
500
500
496
499
500
500
499
501
505
500
505
501
505
500
502
506
500
508
503
511
503
511
508
513
507
506
510
505
507
510
507
503
506
509
502
507
504
504
506
501
505
503
502
499
502
500
499
501
495
497
496
492
498
487
495
490
491
491
490
491
492
489
491
489
489
496
491
489
491
490
489
490
487
488
487
489
484
489
483
489
485
482
483
486
486
491
485
489
486
489
488
488
492
488
493
490
494
493
497
497
495
498
513
497
505
505
509
509
507
512
507
516
507
519
512
513
514
507
514
512
511
512
510
515
509
514
507
511
509
509
503
509
507
502
504
504
501
501
499
497
495
496
491
496
492
492
490
492
487
489
487
487
490
483
488
486
483
485
480
484
489
485
487
478
480
478
479
479
479
478
483
480
482
487
482
488
485
484
489
489
489
490
486
493
493
493
492
497
493
498
502
502
497
490
514
507
506
512
502
508
512
509
508
508
508
505
507
502
497
494
493
495
489
489
487
484
480
481
479
482
474
472
466
478
472
473
475
473
469
467
463
477
470
463
477
464
475
470
463
468
471
472
473
472
462
475
475
475
466
476
476
466
477
476
477
479
482
477
471
485
483
490
487
483
497
498
501
504
507
509
515
515
521
522
523
528
526
519
520
518
515
510
500
511
501
511
509
504
511
510
511
510
512
506
516
509
512
510
504
513
502
508
503
501
501
495
504
493
489
492
490
488
490
482
483
484
479
472
478
473
477
473
465
468
466
462
462
460
460
458
458
455
452
454
456
449
447
449
447
443
442
444
444
439
439
440
437
435
438
437
434
432
434
435
435
429
433
433
428
426
428
428
425
421
423
423
421
420
421
423
420
419
419
423
419
420
422
423
418
418
419
421
415
416
417
415
414
415
416
415
416
418
421
415
418
419
417
416
420
420
417
416
420
420
418
416
420
419
421
416
417
419
414
419
417
414
415
415
417
412
417
415
414
415
416
412
415
413
411
412
412
411
411
412
409
413
412
409
408
411
412
410
408
410
409
407
408
410
406
409
409
407
409
409
407
407
411
407
408
410
407
407
413
408
411
408
407
410
411
408
410
408
408
409
411
407
407
408
409
407
409
408
405
407
408
405
406
410
406
407
408
404
406
408
404
405
407
403
405
407
403
405
405
404
403
405
404
402
405
404
402
403
406
403
405
406
403
405
405
407
408
403
408
408
405
407
410
407
408
410
407
409
409
409
411
410
409
412
413
412
411
411
409
414
410
410
412
410
412
409
412
412
413
411
413
411
407
412
409
407
407
410
410
413
409
413
412
406
412
411
408
409
411
409
411
410
412
414
411
415
416
411
413
412
409
409
412
413
416
409
416
412
410
413
410
411
410
412
414
418
410
416
414
410
415
417
412
413
412
415
415
412
409
414
412
409
411
413
412
411
412
416
412
411
413
416
411
411
411
416
412
411
414
415
415
411
412
415
413
410
412
415
413
412
413
415
413
414
415
417
411
413
416
412
408
412
410
411
411
415
412
411
412
413
413
409
412
416
415
416
418
413
412
412
413
414
414
418
414
412
414
413
413
413
418
415
415
414
417
415
412
415
419
415
417
417
415
411
413
416
418
416
418
416
411
413
416
417
416
418
418
417
416
419
419
420
422
418
423
419
417
418
420
418
415
421
420
420
418
422
420
423
419
417
418
420
420
419
424
421
420
420
424
420
417
418
420
420
419
423
419
418
417
419
419
415
419
422
417
420
422
416
416
417
418
419
415
416
420
418
417
418
420
418
418
420
423
417
421
421
417
414
417
415
415
415
418
419
414
417
420
416
416
417
419
415
415
415
419
415
414
414
418
413
416
419
414
413
416
412
414
412
415
413
410
412
415
412
411
410
416
412
412
415
411
413
413
415
413
413
412
415
412
416
414
413
416
412
416
412
414
416
411
415
413
414
416
412
414
413
414
416
411
413
412
411
416
411
414
412
411
413
411
411
409
411
415
410
413
412
411
415
412
413
412
412
414
412
414
413
414
416
413
418
412
416
414
413
415
414
415
414
415
418
414
418
414
417
413
415
415
413
418
417
419
415
419
415
418
415
417
420
423
420
422
421
421
423
420
420
422
425
426
422
421
424
424
423
419
424
427
421
422
424
422
419
418
422
424
422
424
422
418
420
424
426
423
423
423
422
428
426
426
425
426
427
430
432
430
427
429
437
430
432
432
432
433
436
434
432
432
439
434
436
434
432
437
438
437
433
437
436
434
435
433
429
437
434
434
434
434
434
435
438
437
429
433
435
434
435
435
430
428
437
435
431
431
432
429
432
436
433
429
432
433
430
430
432
434
432
433
432
429
428
429
431
430
429
431
426
425
426
427
425
428
429
424
426
429
422
421
422
424
419
420
420
421
418
418
420
421
420
419
421
424
419
417
421
417
419
422
423
420
416
417
419
421
421
421
420
415
415
423
419
420
419
419
414
421
423
419
419
420
416
417
424
421
417
419
415
418
419
423
418
416
415
420
421
421
420
420
416
423
423
421
423
421
421
423
426
424
422
426
429
426
424
427
423
427
429
430
425
429
437
430
431
431
432
433
435
433
428
438
434
428
433
432
435
433
430
432
431
437
434
428
429
434
432
431
433
431
433
437
435
432
432
438
436
436
442
443
442
440
438
445
442
439
441
449
443
441
449
449
444
447
446
446
446
444
440
447
443
437
438
443
440
437
438
439
438
439
438
434
442
439
436
438
443
437
439
439
441
438
439
438
438
442
441
436
437
443
438
436
438
438
438
440
438
435
444
441
437
439
444
439
440
438
440
441
441
438
437
446
440
438
439
442
439
441
441
438
442
445
445
444
447
450
454
453
457
459
460
466
465
459
457
464
457
451
459
460
452
456
460
453
453
455
453
449
452
450
451
451
448
444
452
449
443
450
451
446
448
450
451
445
447
453
446
448
450
452
451
449
445
451
450
445
452
451
445
448
454
446
446
447
450
445
446
445
447
447
445
442
447
444
439
448
445
439
443
447
442
440
441
444
441
440
439
440
440
439
436
443
439
435
437
443
438
434
435
438
437
436
433
430
438
435
430
433
437
433
434
435
432
435
436
433
432
432
440
434
436
439
435
439
440
435
435
437
435
434
438
437
436
430
436
439
433
434
437
434
433
439
443
434
438
435
433
431
437
438
436
434
435
435
435
437
436
436
438
432
435
435
435
433
434
436
432
430
435
432
430
435
430
434
434
431
434
431
433
434
434
430
436
434
435
438
436
439
438
438
439
442
437
439
438
442
441
441
440
441
440
441
439
447
441
440
442
442
441
439
442
438
443
437
441
440
438
442
440
440
440
443
442
445
442
447
445
447
449
444
448
450
448
451
448
450
451
452
449
450
452
452
455
452
458
452
460
453
458
460
456
460
462
456
456
458
455
456
462
455
457
459
455
459
458
461
458
456
457
459
460
456
458
455
457
456
455
455
455
455
456
455
459
457
457
459
462
457
460
461
462
467
464
462
464
463
465
462
464
462
462
460
458
459
458
455
461
457
453
457
450
455
450
449
451
450
448
444
447
443
446
442
442
442
441
440
447
444
441
438
441
441
438
437
441
439
438
436
443
438
438
437
436
436
439
437
434
434
440
438
438
437
445
441
440
446
444
445
449
446
450
449
449
451
454
455
454
453
461
456
457
458
462
464
459
461
463
471
470
472
474
477
478
479
479
483
480
470
485
484
485
479
480
484
477
469
476
476
480
471
471
475
466
467
472
464
467
472
473
474
477
478
487
495
499
506
505
508
507
496
513
512
516
519
519
520
521
509
508
503
503
504
506
509
509
515
506
502
508
509
513
520
520
521
520
514
527
522
521
521
525
526
536
553
582
588
579
596
604
580
575
567
565
565
562
563
563
555
547
552
552
561
580
588
588
595
584
579
569
587
588
591
601
597
578
570
564
555
555
550
558
574
601
627
636
641
641
632
610
589
582
577
590
591
582
586
600
590
584
574
560
557
548
539
543
526
527
518
524
512
508
508
505
503
498
505
497
496
500
494
498
493
494
494
491
493
489
487
491
485
481
486
481
478
480
478
474
473
469
470
467
462
459
463
456
455
454
450
449
442
442
441
440
438
434
437
434
434
430
425
426
423
426
418
420
420
416
414
416
417
412
415
412
409
408
407
409
407
409
408
407
403
405
404
403
402
404
404
401
403
401
401
397
398
400
396
396
396
396
396
393
396
396
394
393
393
396
391
391
392
393
392
392
391
393
391
392
390
392
388
388
390
389
388
387
388
387
386
386
387
384
385
383
383
385
383
379
382
382
381
378
380
378
380
376
377
380
377
378
375
378
376
375
376
374
376
379
375
373
376
377
375
373
377
375
376
372
376
375
377
372
375
374
376
372
372
374
375
373
371
374
372
375
370
371
373
373
347
393
372
372
372
368
372
370
357
382
373
372
371
371
372
370
369
370
369
371
370
369
371
371
371
367
368
369
369
368
369
369
370
368
367
368
369
369
367
369
367
367
369
368
369
365
369
365
371
365
368
369
367
366
368
368
368
367
368
368
369
370
368
368
368
369
369
367
371
367
371
370
370
369
371
371
372
370
370
371
371
372
369
374
370
372
373
371
371
372
370
374
372
373
371
371
373
372
373
372
372
373
371
374
372
372
372
375
374
374
371
374
373
376
373
374
374
374
376
374
375
374
372
377
374
376
372
372
376
374
376
374
376
377
375
376
375
375
378
376
378
376
374
377
375
379
375
378
377
376
380
375
378
378
378
377
380
375
381
377
377
382
376
379
379
377
380
377
378
379
377
380
376
376
384
376
377
381
377
379
381
378
379
378
379
380
378
380
378
379
380
377
378
378
379
381
379
380
377
378
380
379
379
378
379
377
378
379
378
379
377
379
378
377
381
376
377
378
377
379
377
375
381
381
310
444
380
379
380
379
380
379
380
380
381
381
380
383
380
381
381
380
383
381
382
382
381
383
380
382
381
381
383
380
381
382
382
382
382
382
378
378
386
382
380
379
380
381
379
381
381
383
380
381
380
379
384
381
381
380
380
382
381
383
380
382
380
380
382
382
381
380
381
380
379
382
379
383
381
383
380
382
379
380
382
381
378
381
379
385
380
383
378
382
379
382
379
381
380
380
380
379
383
380
383
380
384
381
383
381
383
382
382
385
381
386
383
388
385
386
384
384
386
384
390
385
390
388
387
389
386
388
384
386
383
385
381
387
383
389
385
387
387
385
385
385
385
380
387
380
389
386
390
388
388
390
385
386
389
387
386
388
393
388
390
394
388
389
390
393
391
393
393
394
390
390
394
391
394
395
395
395
395
396
393
392
395
401
395
397
399
396
396
399
405
400
402
402
400
398
401
407
401
402
402
402
399
405
407
402
404
404
404
405
408
408
405
407
406
409
408
411
409
408
409
417
412
412
416
414
417
418
419
419
420
431
421
427
427
431
428
432
433
437
436
434
434
433
433
430
426
431
438
428
434
434
433
431
430
430
430
430
429
426
431
429
426
429
430
432
430
433
431
432
433
433
432
437
436
434
437
436
434
437
438
437
438
438
437
438
438
437
438
438
438
434
441
438
433
438
440
436
438
439
442
441
442
444
443
445
445
449
448
448
451
447
449
447
448
449
453
448
445
445
449
445
446
447
445
444
444
444
445
449
446
442
442
445
443
442
445
445
442
441
441
444
441
445
442
441
445
442
443
444
446
444
442
440
444
442
441
443
449
442
443
441
443
442
442
445
444
445
445
442
443
443
440
444
442
439
444
443
441
439
440
444
441
439
442
444
440
443
442
448
443
445
445
449
1339
452
442
443
448
444
889
445
444
443
442
450
444
444
446
448
445
447
444
445
446
446
450
447
445
449
447
449
452
454
451
457
451
458
453
457
453
454
453
452
452
450
454
454
451
453
454
449
453
450
449
446
450
451
445
453
445
444
449
444
442
444
450
442
447
448
445
444
445
447
445
446
448
446
447
447
449
446
447
448
448
447
444
449
448
443
452
448
443
452
447
444
450
447
444
447
449
443
446
454
443
446
451
442
446
450
446
447
451
453
450
452
453
455
451
452
450
453
449
450
454
451
448
454
450
446
447
454
444
448
448
445
447
448
449
446
450
452
447
447
448
451
447
447
451
450
450
450
451
453
451
451
452
451
452
456
453
455
452
453
454
456
453
452
457
455
452
450
458
454
450
452
454
451
455
454
453
453
456
454
452
452
457
455
455
453
461
456
452
454
462
459
459
458
459
457
457
457
464
463
462
464
467
466
466
465
467
469
466
469
470
467
467
471
464
466
468
466
464
462
468
464
461
461
465
461
461
465
460
458
461
459
458
456
461
457
453
452
457
454
455
454
460
456
454
454
460
457
454
460
458
457
459
461
461
458
464
462
461
464
461
461
460
462
460
458
463
457
462
461
458
462
460
462
461
457
462
461
460
469
473
468
475
476
474
484
477
481
491
480
491
487
485
485
476
476
474
472
471
469
471
470
466
466
466
463
461
458
461
460
456
461
457
453
460
455
452
456
459
457
453
457
459
456
456
462
457
459
461
459
461
462
459
463
465
462
466
461
456
462
458
459
459
465
464
464
469
464
470
468
469
463
466
465
461
465
459
466
462
463
459
467
464
461
465
462
464
464
463
461
465
463
459
459
462
459
461
459
459
462
461
460
460
458
458
463
459
460
464
462
461
461
463
461
462
460
463
460
461
459
465
459
459
459
461
458
458
463
461
459
461
461
461
460
466
462
460
464
462
461
460
463
462
463
463
466
461
463
464
465
466
469
466
466
469
469
467
467
470
466
467
469
467
469
465
468
466
467
463
466
464
470
463
464
462
466
464
461
466
465
465
464
469
464
463
465
463
464
464
468
465
463
470
464
462
469
466
461
465
468
464
466
468
467
464
467
467
467
467
467
466
469
468
470
467
472
470
476
474
476
480
476
479
485
480
478
485
485
477
483
470
486
482
472
476
480
477
476
473
472
463
475
466
466
454
471
467
459
459
457
454
448
443
445
448
448
442
443
444
445
445
444
445
451
448
447
450
455
452
454
455
460
459
459
462
463
462
461
468
463
459
466
464
461
464
466
459
461
463
459
457
458
461
455
456
454
452
459
453
448
448
450
452
448
448
446
445
447
447
444
444
444
440
440
440
438
437
437
438
432
433
433
435
431
431
430
431
428
429
427
429
425
425
426
426
425
422
423
425
424
423
423
426
422
424
423
425
422
423
422
425
419
422
420
422
419
418
417
420
417
415
415
416
414
413
416
414
416
418
417
414
413
412
413
411
410
409
411
413
414
410
413
414
409
413
410
409
409
411
409
408
411
407
408
409
407
406
411
407
408
409
406
406
410
408
407
410
408
410
406
407
409
407
408
408
407
407
407
407
407
408
406
407
404
406
404
404
403
404
402
404
401
402
402
403
402
402
402
403
402
402
400
402
402
400
403
402
403
402
402
401
402
400
399
400
398
402
400
399
399
398
398
397
398
399
398
398
398
396
396
397
396
398
396
396
398
398
396
396
397
396
399
396
398
396
398
397
398
396
396
397
396
397
396
398
396
398
396
399
397
397
397
397
397
397
397
396
399
398
400
396
398
397
399
400
397
400
398
398
399
397
400
400
401
401
400
399
399
400
400
401
400
400
399
399
399
399
399
397
399
396
399
396
398
400
398
400
399
401
397
399
398
400
396
397
398
398
395
397
396
396
401
399
400
399
401
399
399
401
403
401
399
401
401
401
401
404
405
403
405
406
405
404
404
407
404
403
404
405
406
403
404
405
406
406
409
407
409
408
408
407
408
408
407
408
407
405
407
407
407
404
406
405
408
403
405
406
405
404
403
406
403
403
403
406
403
403
404
406
404
403
404
405
403
401
403
404
404
400
402
403
404
400
402
402
403
400
401
403
404
403
405
405
403
405
406
404
401
404
402
403
402
406
405
404
406
407
407
406
406
407
407
404
404
406
408
408
410
409
409
409
410
411
406
407
410
411
411
411
412
413
409
411
412
407
409
412
412
414
412
413
411
410
408
413
412
417
411
415
412
410
412
413
411
410
416
413
413
412
415
415
415
413
412
412
412
410
409
416
413
414
415
415
411
412
413
412
409
411
417
413
414
416
418
412
414
414
414
412
411
418
415
418
416
413
416
415
413
416
421
417
419
418
416
416
415
418
418
422
418
421
419
421
419
422
420
420
420
420
420
417
417
418
416
417
419
419
415
418
418
415
414
415
417
413
414
415
412
414
415
414
414
416
414
414
417
415
413
418
416
417
415
417
415
415
415
415
416
415
417
415
415
417
414
417
414
417
414
416
414
414
410
411
410
411
408
408
409
410
407
407
408
407
407
407
409
408
408
409
410
407
409
411
408
408
408
412
408
406
406
410
406
405
407
405
405
406
408
410
406
408
409
407
406
407
409
405
403
405
403
404
403
405
407
404
408
407
405
402
403
403
404
403
405
404
406
406
407
406
404
403
405
405
402
403
402
406
406
407
407
406
408
410
404
405
405
406
404
403
408
406
407
411
407
408
410
405
405
406
407
405
406
413
407
410
408
408
406
406
407
408
408
411
411
407
408
407
410
410
412
413
410
410
411
414
413
415
417
413
413
414
418
416
418
417
415
415
417
419
419
420
420
416
416
420
419
422
421
420
416
422
425
422
420
422
420
422
424
424
419
421
421
420
422
425
423
421
421
421
420
423
423
425
420
417
427
425
424
424
421
421
421
424
422
427
426
425
423
422
425
423
424
428
425
421
422
423
420
421
425
423
420
422
423
419
418
417
417
417
418
420
420
415
420
417
417
415
418
417
415
415
417
416
417
416
418
415
417
414
412
412
411
411
414
411
413
407
410
409
413
411
411
411
408
409
412
414
412
410
409
408
412
411
827
408
408
409
412
411
413
412
407
409
413
413
412
412
411
411
417
413
416
415
412
414
416
418
417
413
414
416
421
419
417
418
418
422
422
418
420
421
425
423
424
423
425
427
424
424
423
428
426
428
426
427
428
430
428
426
433
432
427
430
435
434
435
435
438
437
437
436
437
438
435
434
440
439
436
440
444
435
438
438
437
436
434
434
433
435
434
430
432
436
433
431
431
433
434
431
431
431
435
434
429
431
437
432
435
432
435
435
436
434
437
438
438
434
438
438
438
438
438
441
440
439
441
442
441
442
444
444
443
442
447
445
442
444
444
442
444
448
445
445
446
449
447
447
448
446
448
447
447
447
446
448
447
444
444
449
444
442
445
445
443
444
449
445
444
446
448
446
446
449
448
445
447
450
449
449
451
451
450
448
453
449
449
450
451
449
447
450
451
446
455
449
444
448
448
444
445
449
444
443
444
447
442
445
448
449
450
452
453
454
452
453
455
453
460
455
451
454
455
452
454
453
457
457
452
451
455
453
450
457
453
450
454
458
453
457
458
457
458
464
465
464
475
477
473
481
469
469
471
467
467
471
466
468
469
464
463
466
462
461
462
458
458
459
459
455
457
458
455
458
457
456
457
455
455
457
454
455
456
453
452
455
455
453
459
458
456
456
463
461
459
459
457
461
458
458
456
460
452
459
455
449
451
451
454
446
450
449
452
446
445
449
447
446
449
446
447
444
448
444
446
445
443
444
446
440
446
441
439
441
440
440
441
439
440
440
438
439
440
439
440
438
440
436
438
436
440
439
441
438
438
440
442
441
440
444
439
442
443
443
442
444
444
441
443
441
441
443
442
440
442
438
441
439
440
439
438
439
435
438
440
436
434
441
432
438
438
434
436
436
438
434
435
434
435
432
435
435
435
433
434
434
434
435
433
435
435
435
438
436
434
435
436
437
439
436
435
434
431
434
432
432
432
433
429
430
427
430
427
427
429
426
422
423
424
421
422
420
418
419
421
420
417
419
422
416
417
420
416
416
420
414
419
414
418
419
416
419
413
419
416
417
418
415
415
416
418
413
412
415
414
413
414
415
411
410
413
413
410
413
411
411
411
410
408
413
409
410
410
413
408
412
415
408
410
412
411
414
411
412
411
412
414
419
416
419
416
418
418
420
423
419
420
422
423
427
423
428
425
425
423
424
430
429
426
430
427
430
430
430
430
433
432
431
436
435
430
440
438
438
439
439
437
439
440
439
438
441
442
442
438
447
446
448
450
452
452
446
455
454
452
457
460
460
461
464
461
464
467
467
472
472
468
469
470
472
476
478
478
476
474
478
480
485
489
490
493
489
496
498
504
501
502
504
500
496
503
503
505
503
505
504
503
504
504
494
482
500
498
497
498
504
498
495
502
502
510
500
491
519
497
510
497
494
507
491
513
514
521
522
508
521
524
506
527
519
521
520
530
539
549
560
549
541
538
550
529
545
545
550
541
541
529
549
547
544
542
545
538
536
538
534
535
536
535
538
549
565
581
589
581
585
573
557
572
566
553
571
567
569
569
566
550
561
559
553
550
559
557
563
562
553
567
564
568
569
569
565
563
556
547
545
556
561
584
604
604
603
595
597
595
587
584
581
568
558
575
563
563
557
559
550
544
544
538
534
538
527
535
528
528
527
521
522
531
537
532
536
549
546
565
569
581
582
576
567
559
578
573
560
569
572
575
563
568
569
566
571
572
571
570
572
576
576
567
563
559
554
537
544
536
529
527
520
524
520
519
521
516
521
518
516
516
517
515
512
512
511
513
506
510
507
507
503
503
503
497
496
500
496
490
490
490
485
481
481
483
478
479
475
473
471
469
471
470
467
464
466
465
461
460
460
457
454
455
453
449
447
445
445
444
442
441
438
436
434
432
433
429
426
426
425
427
422
422
422
422
423
418
420
419
420
420
419
418
417
419
417
417
416
415
421
416
415
413
419
415
415
415
417
415
414
414
412
417
415
413
414
416
413
412
413
414
413
412
413
415
413
413
413
410
416
413
411
413
411
412
411
411
413
409
410
411
411
410
412
411
413
410
408
414
411
409
411
410
409
409
411
412
409
409
409
411
408
407
408
410
406
406
406
411
407
406
406
410
406
405
407
406
404
405
406
408
407
404
406
409
406
406
406
406
409
407
406
405
411
405
406
407
408
406
407
406
406
406
406
404
410
405
406
411
407
406
407
408
406
406
406
406
407
406
410
406
407
407
408
407
407
405
410
406
405
410
407
406
411
408
406
412
409
409
410
411
408
408
413
409
408
417
411
413
411
415
412
412
415
411
411
412
413
414
411
413
417
415
412
413
413
414
416
414
415
411
419
416
417
414
414
414
418
418
414
414
414
415
412
413
413
414
413
415
414
414
410
412
414
411
412
415
413
412
412
415
412
414
414
414
412
411
418
414
416
413
414
412
414
415
414
414
411
418
413
412
418
414
413
414
418
414
414
415
416
413
416
416
414
416
415
413
418
415
416
418
417
417
418
417
418
416
419
416
418
421
418
420
420
420
420
421
421
421
422
420
422
422
420
421
421
421
423
422
423
424
422
423
423
424
425
425
425
424
426
425
425
428
425
426
427
427
427
427
426
431
427
427
431
427
427
431
429
429
428
430
432
429
427
430
428
427
427
431
426
427
428
426
427
427
427
428
428
425
427
427
427
424
428
426
426
427
427
427
429
426
427
429
427
425
428
427
424
424
428
426
423
425
426
425
426
426
425
424
426
427
424
423
430
424
426
429
427
426
427
428
427
426
428
427
427
427
427
427
424
426
428
425
424
426
426
424
425
422
426
426
424
423
423
421
427
424
422
422
421
421
420
421
422
422
423
421
422
423
423
422
425
421
423
425
422
420
421
421
419
419
420
422
418
421
420
420
422
423
423
424
424
424
424
426
426
423
424
427
426
425
425
429
425
423
423
428
425
424
425
428
423
421
425
427
422
423
427
424
425
426
422
423
424
423
421
420
424
420
420
423
421
422
424
421
421
420
423
422
421
417
420
420
417
415
420
418
416
417
421
418
419
421
419
418
419
421
421
417
425
419
421
423
420
421
419
421
419
417
422
424
422
416
421
417
420
423
417
418
418
416
417
421
420
421
414
415
416
421
420
420
417
417
413
418
419
421
418
419
420
417
425
424
421
419
423
418
419
426
422
424
425
419
425
433
429
426
425
428
432
432
431
429
430
428
433
432
431
429
429
435
432
431
430
429
434
431
432
431
428
432
434
433
433
433
434
435
432
437
440
437
434
438
439
438
438
438
443
443
438
440
447
445
448
449
454
444
442
449
448
440
440
451
446
444
446
449
443
447
444
446
443
446
444
445
444
442
444
444
445
440
448
445
445
443
448
446
446
450
448
448
452
455
453
455
454
453
457
452
457
455
455
460
456
455
458
458
456
462
462
460
461
465
466
469
474
471
488
483
479
484
478
472
477
467
473
471
466
464
465
462
461
458
461
458
459
456
456
459
454
460
459
452
456
461
453
454
462
457
457
458
460
456
460
454
463
459
457
461
461
462
457
461
462
457
458
462
462
455
464
463
460
462
462
463
459
461
465
461
462
465
463
462
467
462
460
466
465
462
461
466
464
460
465
462
462
458
465
460
456
463
456
455
457
459
456
455
459
455
456
454
457
453
451
459
453
452
457
458
456
456
459
454
459
456
457
456
456
460
455
458
459
460
457
463
460
460
462
462
458
461
461
463
459
456
463
463
462
464
461
470
463
470
465
465
467
469
463
465
465
465
462
465
463
463
467
460
467
464
469
471
469
474
468
477
474
951
480
476
480
479
478
480
476
481
479
478
481
481
480
478
483
476
479
479
480
482
479
481
483
480
482
479
480
481
475
484
479
477
478
479
477
480
474
476
479
476
479
476
475
472
478
470
476
472
473
475
468
474
472
470
471
475
472
470
474
469
470
471
471
472
475
474
473
477
475
479
475
474
480
479
474
482
480
479
484
479
487
480
489
492
491
497
488
493
489
482
487
483
486
486
483
492
488
487
494
486
484
490
482
485
486
479
487
485
482
488
488
485
491
489
492
493
489
501
495
496
502
499
499
504
498
502
499
500
496
495
492
497
491
495
493
497
498
492
504
497
503
503
503
503
503
510
499
507
504
506
509
502
508
499
500
496
504
497
494
499
492
494
495
495
489
493
494
490
496
492
498
496
490
497
493
494
494
493
494
492
492
492
493
492
491
495
491
495
499
489
499
494
493
496
496
493
494
497
494
498
496
495
497
495
498
499
493
498
496
494
497
492
496
498
495
496
496
497
493
500
495
499
500
493
503
499
497
513
492
501
503
500
500
498
500
496
503
499
496
498
498
502
502
493
503
499
496
504
499
498
502
500
500
504
499
506
507
500
511
507
505
506
516
504
505
508
504
519
504
512
510
505
521
503
510
520
506
510
517
516
525
513
512
517
511
511
507
513
506
518
503
518
505
502
510
506
507
517
503
506
508
509
503
510
498
506
500
500
500
496
493
495
490
496
494
488
497
493
488
498
495
493
508
495
503
510
500
512
494
502
514
496
515
497
502
510
494
502
496
500
492
507
489
491
495
498
488
491
489
494
490
494
501
484
493
491
495
486
505
489
493
504
489
491
496
492
507
497
497
509
501
506
514
497
503
496
504
499
497
508
488
499
491
494
493
496
500
487
504
488
498
484
486
487
492
484
488
482
484
482
483
485
477
483
475
485
468
477
473
473
476
469
473
470
468
469
470
467
464
470
468
465
472
468
465
471
472
469
470
470
470
468
469
471
467
467
469
470
466
472
470
468
481
468
472
477
476
473
480
479
479
487
486
486
491
495
499
504
500
497
495
491
490
484
486
492
488
482
491
487
489
485
485
486
489
479
485
490
481
481
481
479
479
475
483
475
480
473
478
476
469
474
473
468
476
467
473
473
468
470
474
470
470
473
473
469
470
473
471
471
474
470
472
470
471
473
470
469
471
467
466
468
463
464
464
462
464
464
465
461
459
456
458
459
454
456
459
453
453
457
453
452
453
451
452
448
447
448
448
444
445
443
446
443
440
443
443
440
439
438
442
438
438
438
437
436
434
438
433
432
435
433
433
430
432
433
431
431
432
431
432
431
428
433
429
429
429
428
429
428
428
855
856
431
428
427
429
428
426
428
428
426
429
428
422
425
424
429
425
427
427
424
424
426
425
426
428
428
429
427
430
428
430
427
427
434
429
430
432
432
429
432
432
430
432
432
432
432
434
433
432
434
436
433
434
436
436
434
434
438
436
435
440
436
437
435
439
436
435
438
437
437
436
439
436
436
437
434
434
436
435
435
435
436
438
433
435
438
434
433
434
435
432
434
432
435
434
432
434
432
431
433
433
431
430
428
433
429
429
429
430
429
429
431
429
429
430
430
429
428
429
429
430
429
430
429
428
426
433
428
428
429
429
426
427
430
426
426
425
429
426
427
427
426
427
428
430
428
428
426
429
428
428
430
430
429
428
433
430
429
428
435
431
433
434
433
433
433
437
434
435
432
437
433
435
433
434
434
434
435
435
432
436
436
432
432
433
435
433
433
434
434
431
430
425
430
432
427
427
426
427
424
429
427
424
425
426
425
426
429
428
424
425
424
425
424
428
426
424
425
423
424
424
427
426
423
424
421
423
418
424
426
422
426
423
422
420
423
425
423
426
423
423
424
426
423
427
425
425
422
425
424
425
427
426
425
423
422
427
426
426
427
427
427
427
428
428
428
428
430
430
429
429
427
429
427
428
429
427
428
426
428
428
425
429
425
424
426
427
422
426
422
421
422
423
426
427
422
425
422
421
418
420
423
425
420
424
419
420
421
420
420
421
423
421
420
421
422
419
420
423
424
424
420
423
422
423
427
423
429
423
425
423
424
429
425
425
425
425
423
429
426
427
428
428
428
430
431
431
429
428
429
431
433
429
433
427
428
427
429
424
426
428
428
429
428
428
424
425
426
426
427
429
427
424
427
425
427
429
431
430
427
430
428
430
428
433
433
430
431
430
432
433
435
434
430
432
431
433
435
435
433
434
433
438
434
438
436
435
433
434
438
436
435
438
439
444
443
440
441
442
444
441
440
439
442
441
439
438
438
440
438
438
439
437
436
436
434
437
435
432
431
436
432
432
430
435
431
431
430
433
430
431
431
432
428
429
429
432
428
428
430
431
428
426
430
429
430
429
429
426
430
426
427
424
429
425
425
425
427
421
425
424
423
420
423
423
423
420
423
422
421
420
420
420
420
418
419
423
420
422
421
425
420
422
419
421
421
423
420
420
419
420
418
419
418
419
418
420
421
422
422
421
420
420
420
420
418
419
419
420
421
422
421
418
419
418
418
420
423
420
420
422
420
421
422
424
425
424
425
426
426
423
424
427
427
428
430
425
425
424
427
426
428
428
427
425
426
425
425
426
428
426
423
425
425
421
426
427
426
424
426
424
427
428
429
426
427
426
430
429
427
426
426
432
430
428
425
424
432
430
433
429
429
437
437
432
434
435
435
438
435
433
430
435
438
435
437
434
438
437
438
435
434
437
441
437
437
436
438
439
439
438
435
437
437
439
438
439
438
436
438
445
440
439
438
440
441
441
440
438
442
442
439
440
440
440
441
441
438
438
438
443
439
439
439
438
438
440
440
438
438
440
438
439
439
439
437
440
440
439
438
438
443
440
441
441
440
438
438
438
438
442
441
439
439
440
438
438
440
441
438
435
438
437
438
437
433
433
434
437
436
430
430
434
432
432
430
427
429
432
428
426
429
428
427
427
426
429
427
426
427
429
430
427
426
425
430
427
427
427
428
430
430
429
428
434
431
428
428
432
429
432
430
429
431
433
430
428
432
431
428
429
431
432
431
430
429
432
433
432
430
430
437
433
433
433
436
436
437
432
436
439
435
438
435
438
438
439
436
438
437
440
434
438
439
438
437
435
442
439
438
439
443
439
442
439
443
443
442
443
446
446
442
445
445
447
443
449
449
448
453
452
455
456
458
450
451
454
448
451
452
454
452
454
456
453
454
453
452
454
454
452
454
454
453
457
453
455
455
453
457
455
451
456
455
451
455
454
450
452
452
452
449
453
453
449
454
453
448
455
450
448
450
453
450
448
450
448
449
447
450
447
446
447
446
448
446
450
448
445
444
449
449
446
453
449
447
450
454
451
451
454
450
453
452
453
453
453
455
452
452
454
451
455
452
455
455
453
457
456
453
455
457
453
449
456
454
447
456
453
450
454
457
451
452
457
454
452
456
458
455
455
456
457
455
456
458
457
455
453
458
456
453
458
456
454
454
458
454
455
454
457
454
455
456
455
453
453
455
455
451
454
452
456
454
457
453
450
449
454
450
447
453
451
449
450
455
450
453
453
454
451
451
449
450
451
450
452
450
453
453
454
459
457
461
457
461
462
461
460
463
467
460
462
464
458
459
460
457
456
453
458
453
455
449
449
454
449
452
449
455
456
449
453
458
453
459
454
463
455
460
462
456
462
457
462
462
455
461
455
462
462
455
459
462
460
463
455
467
463
458
462
469
458
462
466
464
470
468
470
477
479
476
479
479
477
478
473
479
478
479
475
479
486
478
480
482
482
481
486
483
486
489
485
486
488
490
493
492
496
495
494
496
492
496
495
498
499
500
498
500
501
500
493
494
508
489
506
489
502
491
498
494
488
500
499
499
494
502
507
494
513
512
510
511
501
503
509
500
510
499
506
495
508
491
504
490
503
496
486
497
485
498
484
497
485
495
481
491
488
493
489
489
490
505
490
502
492
494
505
485
497
498
484
486
492
494
474
491
474
487
485
476
472
479
474
475
483
472
468
477
467
470
469
467
465
466
469
462
460
468
457
462
470
454
460
459
461
459
459
461
460
468
457
461
465
456
464
465
458
463
461
461
459
462
465
462
463
465
471
461
466
469
467
465
469
472
467
473
466
470
471
465
472
471
462
473
468
465
467
465
473
467
465
469
468
467
474
472
473
479
480
479
480
478
484
487
483
491
490
486
494
494
495
498
497
488
499
494
487
496
491
494
493
492
494
489
483
486
486
486
489
487
480
487
485
483
487
486
487
484
479
486
486
486
480
485
489
484
486
487
485
491
493
493
500
500
502
508
511
510
512
514
514
512
522
524
529
535
535
527
533
531
522
531
526
524
536
547
553
552
549
553
554
553
553
555
559
557
572
563
561
574
581
584
575
564
564
563
556
550
555
558
574
587
601
589
567
577
573
577
576
578
579
571
572
568
560
556
553
556
573
597
611
594
599
596
595
598
578
573
569
566
568
563
563
577
590
638
673
688
691
693
679
667
643
632
604
592
586
576
567
565
568
563
571
574
578
578
576
569
567
563
565
560
567
576
590
607
607
604
601
591
583
579
572
562
559
559
559
568
580
590
603
630
637
635
630
614
606
600
582
574
572
568
567
568
571
578
586
594
596
589
584
578
572
571
568
563
567
567
577
587
591
591
586
584
580
579
568
562
561
560
564
582
597
608
608
599
600
613
636
640
630
642
643
634
628
615
611
592
577
582
577
579
589
615
647
689
734
740
736
711
682
667
654
645
643
630
626
628
626
623
617
609
604
599
594
594
601
610
613
653
721
694
707
704
704
708
700
681
656
638
630
624
618
612
603
589
595
600
605
614
622
633
637
628
622
619
614
613
595
598
602
605
611
617
635
645
652
653
651
634
620
619
611
607
608
592
597
603
607
620
630
639
633
625
620
621
617
613
607
603
606
603
604
610
619
629
615
614
614
612
612
611
608
603
595
590
589
595
620
650
676
685
674
684
748
745
758
712
747
750
760
727
732
704
722
705
693
695
671
680
669
659
658
669
669
679
672
665
655
649
648
641
657
687
715
720
705
687
679
682
676
672
673
689
699
700
688
678
668
653
645
640
639
652
688
744
720
725
748
743
702
688
670
657
649
637
639
656
689
711
742
741
744
722
722
691
675
660
646
637
637
649
694
771
891
828
843
849
835
810
780
746
713
682
669
487
840
667
703
695
705
724
725
752
740
733
727
725
686
692
687
662
665
650
662
692
722
705
715
683
675
677
675
675
659
649
642
621
618
630
677
756
813
797
795
732
733
719
727
719
703
695
692
669
638
632
625
609
608
601
601
594
587
580
579
583
569
571
556
560
555
557
552
546
544
538
535
527
526
522
529
518
516
517
518
511
504
514
507
508
502
504
503
495
506
496
494
501
493
497
494
493
491
492
491
485
489
486
486
486
480
486
484
478
488
478
477
485
479
478
480
476
479
478
474
478
476
471
474
473
472
470
471
472
470
471
474
468
472
475
471
477
476
476
486
481
475
480
481
477
482
479
477
478
477
472
477
474
471
473
471
467
470
470
466
467
466
464
466
465
464
464
465
462
464
464
462
466
463
460
465
462
461
466
462
460
463
465
460
461
464
459
459
464
462
458
468
461
457
466
460
457
465
460
459
464
466
458
462
459
469
462
461
463
466
464
464
462
471
465
464
468
470
466
466
464
465
463
462
470
463
462
468
470
464
465
460
468
462
463
468
943
470
466
467
465
464
469
465
464
472
466
466
471
471
467
472
472
468
473
473
470
475
474
471
477
950
477
477
474
477
476
474
473
476
474
473
476
470
475
475
475
478
481
525
435
484
478
481
482
475
478
478
475
474
473
475
472
473
474
470
473
474
468
472
471
468
470
471
468
468
469
467
468
470
467
468
466
467
468
464
469
465
461
465
464
459
459
463
459
456
463
459
454
461
458
454
458
459
457
457
459
455
457
455
458
456
456
456
455
457
454
458
457
453
453
455
454
450
459
453
453
456
458
454
456
454
456
456
457
458
455
457
454
459
457
453
452
459
456
450
454
457
455
457
460
458
457
458
460
461
470
469
464
475
475
462
462
468
463
459
465
464
459
463
463
459
460
462
454
458
457
457
454
456
455
454
456
452
458
454
452
455
454
452
449
454
451
449
452
451
451
451
453
449
449
449
451
452
450
453
453
454
451
456
454
452
451
454
454
449
458
453
451
455
458
451
456
455
453
455
453
455
454
453
454
453
454
452
454
454
452
456
455
454
450
456
455
451
458
453
455
456
457
454
457
454
456
457
457
458
458
458
456
458
457
456
460
458
456
458
458
458
454
458
458
453
462
455
455
458
458
454
454
455
454
454
452
454
455
453
451
455
453
449
448
453
453
449
455
452
450
452
454
451
452
451
455
455
454
453
454
457
453
455
456
454
452
458
455
454
456
457
453
455
456
453
455
452
455
454
454
457
455
455
453
458
456
453
455
455
454
451
453
454
450
458
453
452
454
456
453
454
455
451
455
451
453
454
452
454
453
453
452
456
454
449
450
453
453
449
456
453
452
454
456
453
455
454
457
455
455
460
458
457
462
460
458
465
459
457
459
463
457
458
459
454
457
454
453
453
452
450
449
448
451
452
447
444
442
450
444
444
443
444
444
444
443
443
448
446
444
442
446
445
441
443
446
442
444
442
444
444
444
442
447
445
442
441
447
446
443
445
448
444
446
443
445
446
445
443
448
448
445
442
449
447
444
447
449
446
447
445
449
448
446
445
448
447
444
445
445
445
443
449
445
444
446
450
446
447
445
448
448
447
450
448
450
448
452
451
449
448
454
450
448
450
454
451
452
451
450
452
452
453
452
454
450
456
454
451
449
455
453
449
454
454
452
452
455
451
452
451
454
454
453
450
455
455
450
448
455
452
448
452
453
450
452
452
452
451
453
454
455
455
454
459
458
459
462
463
463
462
466
470
472
480
474
472
478
471
470
473
474
474
472
468
471
467
468
465
465
467
464
460
464
462
460
460
458
457
457
458
458
454
461
457
452
457
460
458
458
460
455
458
455
458
457
457
456
455
457
454
458
457
454
453
456
456
453
457
454
455
458
457
456
457
460
458
458
460
458
459
457
459
457
457
460
457
458
462
460
459
461
460
460
458
463
460
457
462
461
456
458
459
460
459
461
459
460
461
464
464
463
464
461
462
463
462
462
460
463
466
463
466
465
463
465
464
462
463
464
464
461
464
462
461
463
462
459
465
460
457
464
460
457
460
462
457
461
460
460
459
462
460
461
463
460
463
463
461
462
463
461
461
462
464
464
462
464
463
463
464
464
462
464
463
460
464
463
461
462
464
462
463
462
462
463
463
463
462
463
461
464
462
462
464
461
464
464
461
467
464
460
465
463
460
462
464
459
462
460
462
461
460
460
459
458
461
461
456
462
458
461
459
460
459
460
460
462
460
458
461
461
456
461
458
457
459
458
458
453
459
459
453
460
457
453
452
461
455
457
459
453
451
453
452
452
452
454
454
456
452
455
452
452
449
452
451
448
449
452
450
446
446
450
448
448
448
450
449
446
444
451
447
444
447
450
447
449
447
449
449
449
451
450
451
449
454
452
449
447
452
451
447
452
450
449
449
453
447
448
449
449
450
448
452
449
451
449
455
452
451
456
455
453
454
456
458
456
460
457
458
458
461
460
457
460
455
458
457
461
458
455
458
457
457
454
453
454
453
451
453
454
450
450
449
447
446
443
446
450
448
445
442
447
447
446
448
451
448
447
447
450
450
451
450
450
448
450
449
448
450
447
452
450
449
452
456
451
452
449
452
452
451
453
459
456
451
449
453
460
455
453
453
453
455
454
458
457
453
461
459
459
457
457
462
460
468
477
479
479
479
488
487
486
495
495
491
488
485
489
492
492
497
499
506
507
517
521
521
527
534
527
540
535
540
542
539
546
552
555
561
557
563
566
567
580
576
572
589
582
599
598
620
614
604
614
593
584
572
572
589
593
586
577
572
566
575
604
660
697
666
646
641
646
655
646
634
623
611
612
612
625
652
654
662
650
642
643
624
627
616
612
622
617
639
646
645
649
654
655
641
638
645
626
629
609
606
606
607
633
651
662
666
661
651
646
658
646
627
610
618
624
628
633
631
622
621
609
602
599
598
596
611
635
655
665
684
684
678
696
686
668
660
661
656
656
680
675
683
688
704
724
728
721
693
696
702
668
664
665
686
777
738
722
727
719
703
709
685
685
688
695
705
696
704
689
683
694
680
684
679
670
687
676
683
674
685
694
694
699
726
749
729
748
732
708
689
686
688
675
691
687
688
694
695
714
772
801
774
778
777
754
743
738
717
750
756
762
786
751
766
729
725
693
668
680
672
707
738
749
757
790
762
734
734
718
716
706
703
694
699
690
700
691
729
715
735
712
706
713
686
686
660
663
648
647
629
607
615
604
609
603
601
589
616
614
616
612
626
625
626
615
618
610
603
601
606
612
624
645
657
661
675
665
653
645
643
637
627
623
627
630
647
659
688
701
708
711
674
670
673
662
654
665
651
650
642
636
644
656
682
709
736
783
800
883
812
850
841
819
784
768
709
688
666
659
644